12 0 12
3.429309 9.272432 14.363911 16.822156 81.458346 23.655623 29.719036 30.931992 59.996018 1.108553 1.365243 0.297162  0
5.037356 9.161836 14.525838 73.708087 84.180110 8.872519 52.254363 35.857831 67.182356 0.919651 1.164678 1.599665  0
4.211079 7.951567 12.685738 59.460731 84.371003 17.427174 71.007079 28.726981 51.564885 0.798176 1.933141 1.097977  0
5.891286 9.833163 14.469866 72.503000 97.303965 7.856252 22.205476 39.286329 70.089697 1.787212 1.375606 1.464374  0
2.598257 6.547323 14.426077 41.290815 81.083707 4.241155 308.055918 26.918457 33.140868 0.478931 1.725667 1.275819  0
2.252411 8.390550 12.197813 41.321433 80.843170 24.675174 32.080148 26.793995 55.248686 1.544187 0.205393 1.934622  0
5.857435 9.744087 14.105225 48.394305 87.350733 7.448785 270.228287 30.094546 44.871610 1.655658 1.728034 0.052276  0
3.453870 7.661681 11.770684 68.000423 88.129773 17.140385 42.979186 20.475556 36.621559 1.228099 1.623586 1.141422  0
5.815428 9.176980 14.826296 24.189692 93.368637 19.185225 70.286992 36.085512 64.380016 0.854264 0.020003 0.939126  0
4.572804 7.893735 11.310471 39.050680 80.838896 15.318414 106.286738 31.505892 72.788464 1.514504 0.079319 0.273597  0
4.923706 7.450053 11.967372 41.721659 96.640623 19.560532 36.161994 18.673352 36.081075 0.818365 1.327984 0.900555  0
2.374001 7.636951 11.847136 77.371351 85.830783 27.710692 174.939428 15.846059 31.181817 0.277734 1.062761 1.082969  0
